SVM errors
[0.215, 0.21299999999999999, 0.21099999999999999, 0.218, 0.223, 0.224, 0.22500000000000001, 0.224, 0.219, 0.224, 0.221, 0.216, 0.223, 0.221, 0.23300000000000001, 0.23200000000000001, 0.23899999999999999, 0.23799999999999999, 0.23799999999999999]
Random errors
[0.186, 0.185, 0.187, 0.185, 0.186, 0.188, 0.189, 0.186, 0.186, 0.188, 0.189, 0.187, 0.187, 0.188, 0.189, 0.189, 0.188, 0.188, 0.188]
Blank errors
[0.105, 0.105, 0.105, 0.105, 0.105, 0.105, 0.105, 0.105, 0.105, 0.105, 0.105, 0.105, 0.105, 0.105, 0.105, 0.105, 0.105, 0.105, 0.105]
SVM F1 scores
[0.24561403508771928, 0.24199288256227758, 0.24372759856630827, 0.23776223776223776, 0.22299651567944251, 0.21126760563380281, 0.21602787456445993, 0.20567375886524825, 0.21505376344086022, 0.2167832167832168, 0.21908127208480563, 0.22857142857142859, 0.22299651567944251, 0.22996515679442506, 0.20477815699658702, 0.20547945205479451, 0.20598006644518274, 0.20666666666666664, 0.20666666666666664]
Random F1 scores
[0.24390243902439024, 0.24489795918367344, 0.23673469387755103, 0.24489795918367344, 0.24390243902439024, 0.24193548387096772, 0.24096385542168672, 0.24390243902439024, 0.24390243902439024, 0.23577235772357724, 0.23481781376518221, 0.23673469387755103, 0.23673469387755103, 0.23577235772357724, 0.23481781376518221, 0.23481781376518221, 0.23577235772357724, 0.23577235772357724, 0.23577235772357724]
Blank F1 scores
[0.24390243902439024, 0.24489795918367344, 0.23673469387755103, 0.24489795918367344, 0.24390243902439024, 0.24193548387096772, 0.24096385542168672, 0.24390243902439024, 0.24390243902439024, 0.23577235772357724, 0.23481781376518221, 0.23673469387755103, 0.23673469387755103, 0.23577235772357724, 0.23481781376518221, 0.23481781376518221, 0.23577235772357724, 0.23577235772357724, 0.23577235772357724]
# queries per round
[2000    0    0 ..., 2019    0    0]
