SVM errors
[0.11600000000000001, 0.11700000000000001, 0.11899999999999999, 0.11899999999999999, 0.11799999999999999, 0.11799999999999999, 0.11700000000000001, 0.11799999999999999, 0.11799999999999999, 0.11799999999999999, 0.11799999999999999]
Random errors
[0.11600000000000001, 0.11600000000000001, 0.115, 0.114, 0.115, 0.115, 0.114, 0.113, 0.113, 0.113, 0.113]
Blank errors
[0.105, 0.105, 0.105, 0.105, 0.105, 0.105, 0.105, 0.105, 0.105, 0.105, 0.105]
SVM F1 scores
[0.079365079365079361, 0.078740157480314973, 0.10526315789473685, 0.09160305343511449, 0.092307692307692299, 0.092307692307692299, 0.078740157480314973, 0.063492063492063502, 0.063492063492063502, 0.078125, 0.078125]
Random F1 scores
[0.016949152542372885, 0.016949152542372885, 0.016949152542372885, 0.016949152542372885, 0.017094017094017092, 0.017094017094017092, 0.03389830508474577, 0.03389830508474577, 0.033613445378151266, 0.033613445378151266, 0.017094017094017092, 0.017094017094017092, 0.03389830508474577, 0.03389830508474577, 0.034188034188034185, 0.034188034188034185, 0.017391304347826091, 0.017391304347826091, 0.034188034188034185, 0.034188034188034185, 0.034188034188034185, 0.034188034188034185]
Blank F1 scores
[]
# queries per round
[[500]
 [501]
 [502]
 ..., 
 [  0]
 [  0]
 [  0]]
