SVM errors
[0.19900000000000001, 0.20100000000000001, 0.20200000000000001, 0.19600000000000001, 0.19700000000000001, 0.20300000000000001, 0.20200000000000001, 0.20699999999999999, 0.20499999999999999, 0.20599999999999999, 0.20999999999999999, 0.20999999999999999, 0.214, 0.215, 0.22500000000000001]
Random errors
[0.17999999999999999, 0.17999999999999999, 0.18099999999999999, 0.17899999999999999, 0.17899999999999999, 0.184, 0.182, 0.182, 0.182, 0.183, 0.183, 0.184, 0.186, 0.183, 0.18099999999999999]
Blank errors
[0.105, 0.105, 0.105, 0.105, 0.105, 0.105, 0.105, 0.105, 0.105, 0.105, 0.105, 0.105, 0.105, 0.105, 0.105]
SVM F1 scores
[0.21343873517786557, 0.22393822393822393, 0.22307692307692306, 0.24031007751937986, 0.23346303501945526, 0.22222222222222224, 0.22307692307692306, 0.2304832713754647, 0.24908424908424912, 0.24264705882352941, 0.22794117647058826, 0.22794117647058826, 0.21323529411764705, 0.21245421245421245, 0.19354838709677422]
Random F1 scores
[0.27419354838709675, 0.26829268292682928, 0.26720647773279355, 0.27530364372469635, 0.27530364372469635, 0.25806451612903225, 0.2661290322580645, 0.26016260162601629, 0.26016260162601629, 0.25910931174089069, 0.25910931174089069, 0.25806451612903225, 0.25600000000000001, 0.24691358024691357, 0.2551440329218107]
Blank F1 scores
[0.27419354838709675, 0.26829268292682928, 0.26720647773279355, 0.27530364372469635, 0.27530364372469635, 0.25806451612903225, 0.2661290322580645, 0.26016260162601629, 0.26016260162601629, 0.25910931174089069, 0.25910931174089069, 0.25806451612903225, 0.25600000000000001, 0.24691358024691357, 0.2551440329218107]
# queries per round
[   0 1500 1500 ..., 1515 1515 1515]
