SVM errors
[0.13800000000000001, 0.13800000000000001, 0.13800000000000001, 0.13800000000000001, 0.13800000000000001, 0.13800000000000001, 0.13800000000000001, 0.13800000000000001, 0.13800000000000001, 0.13800000000000001, 0.13800000000000001, 0.13800000000000001, 0.13800000000000001, 0.13800000000000001, 0.13800000000000001, 0.13800000000000001, 0.13800000000000001, 0.13800000000000001, 0.13800000000000001, 0.13800000000000001, 0.13800000000000001, 0.13800000000000001, 0.13800000000000001, 0.13800000000000001, 0.13800000000000001, 0.13800000000000001, 0.58599999999999997, 0.13800000000000001, 0.65500000000000003]
Random errors
[0.86199999999999999, 0.59599999999999997, 0.13800000000000001, 0.13800000000000001, 0.13800000000000001, 0.13800000000000001, 0.13800000000000001, 0.13800000000000001, 0.13800000000000001, 0.13800000000000001, 0.13800000000000001, 0.13800000000000001, 0.13800000000000001, 0.13800000000000001, 0.13800000000000001, 0.13800000000000001, 0.13800000000000001, 0.13800000000000001, 0.13800000000000001, 0.13800000000000001, 0.13800000000000001, 0.13800000000000001, 0.13800000000000001, 0.13800000000000001, 0.13800000000000001, 0.13800000000000001, 0.13800000000000001, 0.13800000000000001, 0.13800000000000001]
Blank errors
[0.13800000000000001, 0.13800000000000001, 0.13800000000000001, 0.13800000000000001, 0.13800000000000001, 0.13800000000000001, 0.13800000000000001, 0.13800000000000001, 0.13800000000000001, 0.13800000000000001, 0.13800000000000001, 0.13800000000000001, 0.13800000000000001, 0.13800000000000001, 0.13800000000000001, 0.13800000000000001, 0.13800000000000001, 0.13800000000000001, 0.13800000000000001, 0.13800000000000001, 0.13800000000000001, 0.13800000000000001, 0.13800000000000001, 0.13800000000000001, 0.13800000000000001, 0.13800000000000001, 0.13800000000000001, 0.13800000000000001, 0.13800000000000001]
SVM F1 scores
[0.0, 0.0, 0.0, 0.0, 0.0, 0.0, 0.0, 0.0, 0.0, 0.0, 0.0, 0.0, 0.0, 0.0, 0.0, 0.0, 0.0, 0.0, 0.0, 0.0, 0.0, 0.0, 0.0, 0.0, 0.0, 0.0, 0.22281167108753314, 0.0, 0.23748544819557624]
Random F1 scores
[0.2425307557117751, 0.23195876288659792, 0.0, 0.0, 0.0, 0.0, 0.0, 0.0, 0.0, 0.0, 0.0, 0.0, 0.0, 0.0, 0.0, 0.0, 0.0, 0.0, 0.0, 0.0, 0.0, 0.0, 0.0, 0.0, 0.0, 0.0, 0.0, 0.0, 0.0]
Blank F1 scores
[0.2425307557117751, 0.23195876288659792, 0.0, 0.0, 0.0, 0.0, 0.0, 0.0, 0.0, 0.0, 0.0, 0.0, 0.0, 0.0, 0.0, 0.0, 0.0, 0.0, 0.0, 0.0, 0.0, 0.0, 0.0, 0.0, 0.0, 0.0, 0.0, 0.0, 0.0]
# queries per round
[ 0  1  2 ..., 29 29 29]
